our function is: 3*(x1^2) - sin(x2) 
1, 1 = 2.1585290151921033
1, 2 = 2.090702573174318
1, 3 = 2.8588799919401326
1, 4 = 3.7568024953079284
1, 5 = 3.9589242746631386
1, 6 = 3.279415498198926
1, 7 = 2.343013401281211
1, 8 = 2.010641753376618
1, 9 = 2.5878815147582435
1, 10 = 3.5440211108893696
2, 1 = 11.158529015192103
2, 2 = 11.090702573174319
2, 3 = 11.858879991940134
2, 4 = 12.756802495307928
2, 5 = 12.958924274663138
2, 6 = 12.279415498198926
2, 7 = 11.343013401281212
2, 8 = 11.010641753376618
2, 9 = 11.587881514758243
2, 10 = 12.54402111088937
3, 1 = 26.158529015192105
3, 2 = 26.09070257317432
3, 3 = 26.85887999194013
3, 4 = 27.756802495307927
3, 5 = 27.95892427466314
3, 6 = 27.279415498198926
3, 7 = 26.343013401281212
3, 8 = 26.010641753376618
3, 9 = 26.587881514758244
3, 10 = 27.54402111088937
4, 1 = 47.1585290151921
4, 2 = 47.09070257317432
4, 3 = 47.858879991940135
4, 4 = 48.75680249530793
4, 5 = 48.95892427466314
4, 6 = 48.27941549819893
4, 7 = 47.34301340128121
4, 8 = 47.01064175337662
4, 9 = 47.587881514758244
4, 10 = 48.54402111088937
5, 1 = 74.1585290151921
5, 2 = 74.09070257317431
5, 3 = 74.85887999194013
5, 4 = 75.75680249530792
5, 5 = 75.95892427466313
5, 6 = 75.27941549819893
5, 7 = 74.34301340128121
5, 8 = 74.01064175337662
5, 9 = 74.58788151475824
5, 10 = 75.54402111088937
6, 1 = 107.1585290151921
6, 2 = 107.09070257317431
6, 3 = 107.85887999194013
6, 4 = 108.75680249530792
6, 5 = 108.95892427466313
6, 6 = 108.27941549819893
6, 7 = 107.34301340128121
6, 8 = 107.01064175337662
6, 9 = 107.58788151475824
6, 10 = 108.54402111088937
7, 1 = 146.1585290151921
7, 2 = 146.09070257317433
7, 3 = 146.85887999194014
7, 4 = 147.75680249530794
7, 5 = 147.95892427466313
7, 6 = 147.27941549819892
7, 7 = 146.3430134012812
7, 8 = 146.01064175337663
7, 9 = 146.58788151475824
7, 10 = 147.54402111088936
8, 1 = 191.1585290151921
8, 2 = 191.09070257317433
8, 3 = 191.85887999194014
8, 4 = 192.75680249530794
8, 5 = 192.95892427466313
8, 6 = 192.27941549819892
8, 7 = 191.3430134012812
8, 8 = 191.01064175337663
8, 9 = 191.58788151475824
8, 10 = 192.54402111088936
9, 1 = 242.1585290151921
9, 2 = 242.09070257317433
9, 3 = 242.85887999194014
9, 4 = 243.75680249530794
9, 5 = 243.95892427466313
9, 6 = 243.27941549819892
9, 7 = 242.3430134012812
9, 8 = 242.01064175337663
9, 9 = 242.58788151475824
9, 10 = 243.54402111088936
10, 1 = 299.15852901519213
10, 2 = 299.0907025731743
10, 3 = 299.8588799919401
10, 4 = 300.7568024953079
10, 5 = 300.95892427466316
10, 6 = 300.27941549819894
10, 7 = 299.3430134012812
10, 8 = 299.0106417533766
10, 9 = 299.58788151475824
10, 10 = 300.5440211108894
