our function is: sin(x1)*(x2**3) 
1, 1 = 0.8414709848078965
1, 2 = 6.731767878463172
1, 3 = 22.719716589813206
1, 4 = 53.854143027705376
1, 5 = 105.18387310098706
1, 6 = 181.75773271850565
1, 7 = 288.6245477891085
1, 8 = 430.833144221643
1, 9 = 613.4323479249565
1, 10 = 841.4709848078965
2, 1 = 0.9092974268256817
2, 2 = 7.274379414605454
2, 3 = 24.551030524293406
2, 4 = 58.19503531684363
2, 5 = 113.66217835321021
2, 6 = 196.40824419434725
2, 7 = 311.88901740120883
2, 8 = 465.56028253474904
2, 9 = 662.877824155922
2, 10 = 909.2974268256817
3, 1 = 0.1411200080598672
3, 2 = 1.1289600644789377
3, 3 = 3.810240217616415
3, 4 = 9.031680515831502
3, 5 = 17.640001007483402
3, 6 = 30.48192174093132
3, 7 = 48.404162764534455
3, 8 = 72.25344412665201
3, 9 = 102.8764858756432
3, 10 = 141.12000805986722
4, 1 = -0.7568024953079282
4, 2 = -6.054419962463426
4, 3 = -20.433667373314062
4, 4 = -48.435359699707405
4, 5 = -94.60031191349103
4, 6 = -163.4693389865125
4, 7 = -259.5832558906194
4, 8 = -387.48287759765924
4, 9 = -551.7090190794796
4, 10 = -756.8024953079282
5, 1 = -0.9589242746631385
5, 2 = -7.671394197305108
5, 3 = -25.890955415904738
5, 4 = -61.37115357844086
5, 5 = -119.86553433289231
5, 6 = -207.1276433272379
5, 7 = -328.9110262094565
5, 8 = -490.9692286275269
5, 9 = -699.055796229428
5, 10 = -958.9242746631385
6, 1 = -0.27941549819892586
6, 2 = -2.235323985591407
6, 3 = -7.544218451370998
6, 4 = -17.882591884731255
6, 5 = -34.926937274865736
6, 6 = -60.353747610967986
6, 7 = -95.83951588223157
6, 8 = -143.06073507785004
6, 9 = -203.69389818701694
6, 10 = -279.4154981989259
7, 1 = 0.6569865987187891
7, 2 = 5.2558927897503125
7, 3 = 17.738638165407306
7, 4 = 42.0471423180025
7, 5 = 82.12332483984864
7, 6 = 141.90910532325844
7, 7 = 225.34640336054466
7, 8 = 336.37713854402
7, 9 = 478.9432304659972
7, 10 = 656.9865987187891
8, 1 = 0.9893582466233818
8, 2 = 7.914865972987054
8, 3 = 26.71267265883131
8, 4 = 63.318927783896434
8, 5 = 123.66978082792272
8, 6 = 213.70138127065047
8, 7 = 339.34987859181996
8, 8 = 506.5514222711715
8, 9 = 721.2421617884453
8, 10 = 989.3582466233818
9, 1 = 0.4121184852417566
9, 2 = 3.2969478819340527
9, 3 = 11.127199101527427
9, 4 = 26.375583055472422
9, 5 = 51.51481065521958
9, 6 = 89.01759281221942
9, 7 = 141.35664043792252
9, 8 = 211.00466444377938
9, 9 = 300.43437574124056
9, 10 = 412.1184852417566
10, 1 = -0.5440211108893698
10, 2 = -4.352168887114958
10, 3 = -14.688569994012983
10, 4 = -34.817351096919666
10, 5 = -68.00263886117122
10, 6 = -117.50855995210387
10, 7 = -186.59924103505384
10, 8 = -278.5388087753573
10, 9 = -396.59138983835055
10, 10 = -544.0211108893698
