our function is: (2*x1)+(3*x2) 
1, 1 = 5
1, 2 = 8
1, 3 = 11
1, 4 = 14
1, 5 = 17
1, 6 = 20
1, 7 = 23
1, 8 = 26
1, 9 = 29
1, 10 = 32
2, 1 = 7
2, 2 = 10
2, 3 = 13
2, 4 = 16
2, 5 = 19
2, 6 = 22
2, 7 = 25
2, 8 = 28
2, 9 = 31
2, 10 = 34
3, 1 = 9
3, 2 = 12
3, 3 = 15
3, 4 = 18
3, 5 = 21
3, 6 = 24
3, 7 = 27
3, 8 = 30
3, 9 = 33
3, 10 = 36
4, 1 = 11
4, 2 = 14
4, 3 = 17
4, 4 = 20
4, 5 = 23
4, 6 = 26
4, 7 = 29
4, 8 = 32
4, 9 = 35
4, 10 = 38
5, 1 = 13
5, 2 = 16
5, 3 = 19
5, 4 = 22
5, 5 = 25
5, 6 = 28
5, 7 = 31
5, 8 = 34
5, 9 = 37
5, 10 = 40
6, 1 = 15
6, 2 = 18
6, 3 = 21
6, 4 = 24
6, 5 = 27
6, 6 = 30
6, 7 = 33
6, 8 = 36
6, 9 = 39
6, 10 = 42
7, 1 = 17
7, 2 = 20
7, 3 = 23
7, 4 = 26
7, 5 = 29
7, 6 = 32
7, 7 = 35
7, 8 = 38
7, 9 = 41
7, 10 = 44
8, 1 = 19
8, 2 = 22
8, 3 = 25
8, 4 = 28
8, 5 = 31
8, 6 = 34
8, 7 = 37
8, 8 = 40
8, 9 = 43
8, 10 = 46
9, 1 = 21
9, 2 = 24
9, 3 = 27
9, 4 = 30
9, 5 = 33
9, 6 = 36
9, 7 = 39
9, 8 = 42
9, 9 = 45
9, 10 = 48
10, 1 = 23
10, 2 = 26
10, 3 = 29
10, 4 = 32
10, 5 = 35
10, 6 = 38
10, 7 = 41
10, 8 = 44
10, 9 = 47
10, 10 = 50
